4.234800000000000000e+04
2.551750000000000000e+05
2.243170000000000000e+05
2.214040000000000000e+05
4.298000000000000000e+04
4.093500000000000000e+04
4.103800000000000000e+04
2.517750000000000000e+05
4.133600000000000000e+04
4.144900000000000000e+04
4.205300000000000000e+04
4.127700000000000000e+04
4.254700000000000000e+04
4.088400000000000000e+04
4.216400000000000000e+04
4.153000000000000000e+04
3.877300000000000000e+04
4.073500000000000000e+04
4.122200000000000000e+04
4.237400000000000000e+04
4.127000000000000000e+04
4.110600000000000000e+04
4.137900000000000000e+04
4.189500000000000000e+04
3.992000000000000000e+04
3.984100000000000000e+04
4.015900000000000000e+04
4.114900000000000000e+04
4.008700000000000000e+04
4.221700000000000000e+04
4.109800000000000000e+04
4.001800000000000000e+04
4.024100000000000000e+04
4.174700000000000000e+04
4.303300000000000000e+04
4.064400000000000000e+04
4.235300000000000000e+04
4.226400000000000000e+04
4.257500000000000000e+04
3.886900000000000000e+04
4.037400000000000000e+04
4.131100000000000000e+04
4.289200000000000000e+04
3.973800000000000000e+04
4.818300000000000000e+04
4.022600000000000000e+04
4.108200000000000000e+04
4.128900000000000000e+04
3.977700000000000000e+04
4.034300000000000000e+04
4.097900000000000000e+04
3.983300000000000000e+04
4.082800000000000000e+04
3.973800000000000000e+04
4.094600000000000000e+04
4.179500000000000000e+04
4.150000000000000000e+04
4.171300000000000000e+04
4.178400000000000000e+04
4.176800000000000000e+04
3.826300000000000000e+04
3.884500000000000000e+04
4.069400000000000000e+04
3.940500000000000000e+04
3.978100000000000000e+04
3.820800000000000000e+04
4.146200000000000000e+04
4.030600000000000000e+04
4.065100000000000000e+04
4.064600000000000000e+04
4.235900000000000000e+04
4.033400000000000000e+04
3.949800000000000000e+04
3.989200000000000000e+04
4.018200000000000000e+04
3.933800000000000000e+04
4.271100000000000000e+04
3.875200000000000000e+04
4.210400000000000000e+04
3.808400000000000000e+04
4.156700000000000000e+04
3.953200000000000000e+04
3.938300000000000000e+04
4.121900000000000000e+04
4.105600000000000000e+04
3.797800000000000000e+04
4.056300000000000000e+04
4.002900000000000000e+04
3.921600000000000000e+04
3.973600000000000000e+04
4.035700000000000000e+04
3.974700000000000000e+04
4.063100000000000000e+04
3.876500000000000000e+04
3.954500000000000000e+04
4.116100000000000000e+04
4.026800000000000000e+04
3.970500000000000000e+04
3.978300000000000000e+04
4.077600000000000000e+04
3.869300000000000000e+04
3.881000000000000000e+04
4.081700000000000000e+04
4.113600000000000000e+04
4.104900000000000000e+04
3.950500000000000000e+04
4.042300000000000000e+04
3.986800000000000000e+04
4.101800000000000000e+04
4.039500000000000000e+04
3.959600000000000000e+04
3.983300000000000000e+04
4.127200000000000000e+04
3.960300000000000000e+04
4.089000000000000000e+04
3.874700000000000000e+04
4.241400000000000000e+04
3.963300000000000000e+04
4.185300000000000000e+04
3.988800000000000000e+04
4.259000000000000000e+04
4.003300000000000000e+04
4.059400000000000000e+04
3.923300000000000000e+04
4.147200000000000000e+04
3.880200000000000000e+04
3.916500000000000000e+04
4.024500000000000000e+04
4.017300000000000000e+04
4.012400000000000000e+04
4.077000000000000000e+04
3.993900000000000000e+04
4.061300000000000000e+04
3.971900000000000000e+04
4.035900000000000000e+04
4.095300000000000000e+04
4.133900000000000000e+04
4.136900000000000000e+04
4.078000000000000000e+04
4.191400000000000000e+04
3.922900000000000000e+04
3.844400000000000000e+04
4.193900000000000000e+04
4.005800000000000000e+04
4.092400000000000000e+04
4.096900000000000000e+04
4.078100000000000000e+04
4.080400000000000000e+04
4.052600000000000000e+04
4.005800000000000000e+04
4.237500000000000000e+04
4.081300000000000000e+04
4.062300000000000000e+04
4.072700000000000000e+04
4.059200000000000000e+04
4.036500000000000000e+04
4.173500000000000000e+04
3.986200000000000000e+04
4.056700000000000000e+04
4.061700000000000000e+04
4.092700000000000000e+04
4.118900000000000000e+04
4.092800000000000000e+04
4.075300000000000000e+04
3.979000000000000000e+04
3.984100000000000000e+04
4.132600000000000000e+04
4.052500000000000000e+04
4.028200000000000000e+04
4.152300000000000000e+04
4.166300000000000000e+04
4.075700000000000000e+04
4.023800000000000000e+04
4.038800000000000000e+04
3.823300000000000000e+04
4.129800000000000000e+04
3.983900000000000000e+04
3.958700000000000000e+04
4.079800000000000000e+04
4.040100000000000000e+04
3.939600000000000000e+04
3.959800000000000000e+04
3.906900000000000000e+04
4.117100000000000000e+04
4.149500000000000000e+04
3.822900000000000000e+04
4.157000000000000000e+04
4.030700000000000000e+04
4.192700000000000000e+04
3.956700000000000000e+04
4.106000000000000000e+04
4.014200000000000000e+04
4.135200000000000000e+04
4.005200000000000000e+04
4.050400000000000000e+04
3.932800000000000000e+04
4.216700000000000000e+04
4.009200000000000000e+04
4.037900000000000000e+04
3.904500000000000000e+04
4.199900000000000000e+04
3.994700000000000000e+04
4.017800000000000000e+04
3.860600000000000000e+04
4.071100000000000000e+04
3.921500000000000000e+04
4.033000000000000000e+04
4.089800000000000000e+04
4.032700000000000000e+04
4.136100000000000000e+04
4.054600000000000000e+04
4.046600000000000000e+04
3.959400000000000000e+04
4.013500000000000000e+04
3.977100000000000000e+04
3.991600000000000000e+04
4.093600000000000000e+04
3.871300000000000000e+04
3.985000000000000000e+04
3.971400000000000000e+04
4.033000000000000000e+04
3.897200000000000000e+04
4.097900000000000000e+04
4.004100000000000000e+04
4.253400000000000000e+04
3.812100000000000000e+04
4.152800000000000000e+04
4.058700000000000000e+04
4.161600000000000000e+04
3.999800000000000000e+04
4.116700000000000000e+04
4.002600000000000000e+04
4.176300000000000000e+04
4.008300000000000000e+04
4.032200000000000000e+04
3.973000000000000000e+04
4.228000000000000000e+04
3.956100000000000000e+04
4.010800000000000000e+04
4.022000000000000000e+04
4.195100000000000000e+04
4.023800000000000000e+04
3.989600000000000000e+04
4.037200000000000000e+04
3.993400000000000000e+04
3.953900000000000000e+04
4.001600000000000000e+04
4.119300000000000000e+04
3.957400000000000000e+04
4.013200000000000000e+04
3.972900000000000000e+04
4.156000000000000000e+04
3.989800000000000000e+04
3.974400000000000000e+04
3.824900000000000000e+04
3.971200000000000000e+04
4.175400000000000000e+04
3.957300000000000000e+04
4.131700000000000000e+04
4.049400000000000000e+04
3.803100000000000000e+04
4.266100000000000000e+04
3.899100000000000000e+04
4.567000000000000000e+04
4.048100000000000000e+04
3.917500000000000000e+04
3.934000000000000000e+04
4.099200000000000000e+04
3.895700000000000000e+04
3.974500000000000000e+04
3.880700000000000000e+04
4.124900000000000000e+04
3.912600000000000000e+04
3.939000000000000000e+04
4.047000000000000000e+04
9.132700000000000000e+04
4.092500000000000000e+04
3.982100000000000000e+04
3.934100000000000000e+04
3.941400000000000000e+04
3.851100000000000000e+04
3.980400000000000000e+04
3.926400000000000000e+04
4.005200000000000000e+04
4.301800000000000000e+04
3.859000000000000000e+04
4.239100000000000000e+04
3.882000000000000000e+04
3.893600000000000000e+04
3.844000000000000000e+04
4.173000000000000000e+04
3.762100000000000000e+04
3.966800000000000000e+04
4.069400000000000000e+04
4.061800000000000000e+04
3.927500000000000000e+04
3.980500000000000000e+04
3.829600000000000000e+04
3.931100000000000000e+04
3.878200000000000000e+04
3.967600000000000000e+04
3.741100000000000000e+04
3.942100000000000000e+04
3.899000000000000000e+04
4.028500000000000000e+04
3.838600000000000000e+04
4.011600000000000000e+04
3.859600000000000000e+04
3.951300000000000000e+04
3.786900000000000000e+04
3.999400000000000000e+04
3.889200000000000000e+04
3.940400000000000000e+04
3.770100000000000000e+04
3.840200000000000000e+04
3.896500000000000000e+04
3.882200000000000000e+04
3.832200000000000000e+04
3.908100000000000000e+04
3.812000000000000000e+04
3.986100000000000000e+04
3.801300000000000000e+04
3.943800000000000000e+04
3.707400000000000000e+04
3.934500000000000000e+04
3.963800000000000000e+04
3.933900000000000000e+04
3.909200000000000000e+04
3.998900000000000000e+04
3.924200000000000000e+04
3.896400000000000000e+04
3.883900000000000000e+04
3.920300000000000000e+04
3.948800000000000000e+04
3.906200000000000000e+04
3.881800000000000000e+04
3.916400000000000000e+04
3.869600000000000000e+04
3.997500000000000000e+04
3.933100000000000000e+04
3.841600000000000000e+04
3.902700000000000000e+04
3.885900000000000000e+04
3.916000000000000000e+04
4.069300000000000000e+04
3.835200000000000000e+04
3.872300000000000000e+04
3.931300000000000000e+04
3.840400000000000000e+04
3.941400000000000000e+04
3.833600000000000000e+04
3.893500000000000000e+04
3.847900000000000000e+04
3.862000000000000000e+04
3.976400000000000000e+04
4.390800000000000000e+04
3.784000000000000000e+04
3.994600000000000000e+04
3.707500000000000000e+04
4.025000000000000000e+04
3.988400000000000000e+04
3.997800000000000000e+04
3.901500000000000000e+04
4.038600000000000000e+04
3.989900000000000000e+04
4.089400000000000000e+04
4.045900000000000000e+04
4.035700000000000000e+04
4.002900000000000000e+04
4.024500000000000000e+04
4.133400000000000000e+04
4.588800000000000000e+04
4.033500000000000000e+04
3.950000000000000000e+04
3.988700000000000000e+04
3.875700000000000000e+04
4.042300000000000000e+04
3.803000000000000000e+04
4.036200000000000000e+04
3.925900000000000000e+04
4.358900000000000000e+04
3.805500000000000000e+04
4.249000000000000000e+04
4.011600000000000000e+04
4.029900000000000000e+04
4.001200000000000000e+04
4.266400000000000000e+04
4.084300000000000000e+04
4.150600000000000000e+04
4.076700000000000000e+04
4.073100000000000000e+04
4.054500000000000000e+04
4.097900000000000000e+04
4.115000000000000000e+04
4.122200000000000000e+04
3.966100000000000000e+04
3.961500000000000000e+04
4.077400000000000000e+04
4.076000000000000000e+04
3.998100000000000000e+04
4.145400000000000000e+04
3.955600000000000000e+04
3.995300000000000000e+04
4.044000000000000000e+04
3.965500000000000000e+04
4.055800000000000000e+04
4.046500000000000000e+04
3.980300000000000000e+04
4.083900000000000000e+04
3.982200000000000000e+04
4.017100000000000000e+04
4.151000000000000000e+04
3.964700000000000000e+04
4.008600000000000000e+04
4.036600000000000000e+04
4.083700000000000000e+04
4.138600000000000000e+04
4.089500000000000000e+04
4.036600000000000000e+04
4.174100000000000000e+04
4.113800000000000000e+04
4.058800000000000000e+04
4.021100000000000000e+04
4.236400000000000000e+04
4.031600000000000000e+04
4.068700000000000000e+04
4.266200000000000000e+04
4.087900000000000000e+04
4.119900000000000000e+04
4.168500000000000000e+04
4.129900000000000000e+04
4.156600000000000000e+04
3.998100000000000000e+04
4.242900000000000000e+04
4.096300000000000000e+04
4.093500000000000000e+04
4.002900000000000000e+04
4.225500000000000000e+04
3.962900000000000000e+04
4.245400000000000000e+04
3.947000000000000000e+04
4.191500000000000000e+04
4.138000000000000000e+04
4.303100000000000000e+04
4.176500000000000000e+04
4.170900000000000000e+04
4.019400000000000000e+04
4.083700000000000000e+04
4.111700000000000000e+04
4.052200000000000000e+04
4.168800000000000000e+04
4.092700000000000000e+04
4.122300000000000000e+04
3.994700000000000000e+04
4.162600000000000000e+04
4.014500000000000000e+04
4.174500000000000000e+04
4.115900000000000000e+04
4.012600000000000000e+04
4.150000000000000000e+04
4.193900000000000000e+04
4.037800000000000000e+04
4.317900000000000000e+04
4.094300000000000000e+04
4.289700000000000000e+04
4.031800000000000000e+04
4.241700000000000000e+04
4.067600000000000000e+04
4.292300000000000000e+04
4.088200000000000000e+04
4.205900000000000000e+04
4.101700000000000000e+04
4.082200000000000000e+04
4.327100000000000000e+04
4.167500000000000000e+04
4.044200000000000000e+04
4.100900000000000000e+04
4.164700000000000000e+04
4.148800000000000000e+04
4.157700000000000000e+04
4.163200000000000000e+04
4.016000000000000000e+04
4.122100000000000000e+04
4.141200000000000000e+04
4.097700000000000000e+04
4.072600000000000000e+04
4.244200000000000000e+04
3.917500000000000000e+04
4.352300000000000000e+04
4.013800000000000000e+04
4.052500000000000000e+04
4.193400000000000000e+04
4.035500000000000000e+04
4.006500000000000000e+04
4.173200000000000000e+04
4.160000000000000000e+04
4.231600000000000000e+04
4.007100000000000000e+04
4.110500000000000000e+04
4.000700000000000000e+04
4.084500000000000000e+04
4.115600000000000000e+04
4.057100000000000000e+04
4.159300000000000000e+04
4.267700000000000000e+04
4.028700000000000000e+04
4.174400000000000000e+04
4.111800000000000000e+04
4.246300000000000000e+04
4.137900000000000000e+04
3.982500000000000000e+04
3.938100000000000000e+04
4.339200000000000000e+04
4.253000000000000000e+04
4.057300000000000000e+04
4.141800000000000000e+04
4.162700000000000000e+04
4.160600000000000000e+04
4.244600000000000000e+04
4.174000000000000000e+04
4.058800000000000000e+04
4.239200000000000000e+04
4.089700000000000000e+04
4.244100000000000000e+04
4.092300000000000000e+04
4.121800000000000000e+04
4.314200000000000000e+04
4.147500000000000000e+04
4.177700000000000000e+04
4.178600000000000000e+04
4.249900000000000000e+04
4.205200000000000000e+04
4.139800000000000000e+04
4.304200000000000000e+04
4.115000000000000000e+04
3.917400000000000000e+04
4.440500000000000000e+04
4.112800000000000000e+04
4.136500000000000000e+04
4.028200000000000000e+04
4.171100000000000000e+04
4.297200000000000000e+04
4.304000000000000000e+04
3.983400000000000000e+04
4.237400000000000000e+04
4.072300000000000000e+04
4.590200000000000000e+04
3.973300000000000000e+04
4.091900000000000000e+04
4.136500000000000000e+04
4.213300000000000000e+04
4.151900000000000000e+04
4.330900000000000000e+04
4.230800000000000000e+04
4.173700000000000000e+04
4.049400000000000000e+04
4.283800000000000000e+04
4.254300000000000000e+04
4.098500000000000000e+04
4.021400000000000000e+04
4.055800000000000000e+04
4.157300000000000000e+04
4.387200000000000000e+04
4.104900000000000000e+04
4.176800000000000000e+04
4.112600000000000000e+04
4.386300000000000000e+04
3.948500000000000000e+04
4.001400000000000000e+04
3.983900000000000000e+04
4.421600000000000000e+04
3.965400000000000000e+04
4.388200000000000000e+04
4.119000000000000000e+04
4.430900000000000000e+04
4.063100000000000000e+04
4.192900000000000000e+04
4.282000000000000000e+04
4.089000000000000000e+04
4.022400000000000000e+04
4.447600000000000000e+04
4.174400000000000000e+04
4.313300000000000000e+04
4.034100000000000000e+04
4.094500000000000000e+04
4.426100000000000000e+04
4.378400000000000000e+04
4.138000000000000000e+04
4.090300000000000000e+04
4.054300000000000000e+04
4.225300000000000000e+04
4.273400000000000000e+04
4.405100000000000000e+04
4.195200000000000000e+04
4.146300000000000000e+04
4.184400000000000000e+04
4.244300000000000000e+04
4.133200000000000000e+04
4.057900000000000000e+04
4.138800000000000000e+04
4.205800000000000000e+04
4.158100000000000000e+04
4.333600000000000000e+04
4.187700000000000000e+04
4.124600000000000000e+04
3.998900000000000000e+04
4.483400000000000000e+04
4.059100000000000000e+04
4.068800000000000000e+04
4.223800000000000000e+04
4.256700000000000000e+04
4.250400000000000000e+04
4.058100000000000000e+04
4.308200000000000000e+04
4.260200000000000000e+04
4.130100000000000000e+04
4.504600000000000000e+04
4.243500000000000000e+04
4.100600000000000000e+04
4.199200000000000000e+04
4.021800000000000000e+04
4.206500000000000000e+04
4.225500000000000000e+04
4.051100000000000000e+04
4.387600000000000000e+04
4.252300000000000000e+04
4.320100000000000000e+04
4.256000000000000000e+04
4.336500000000000000e+04
4.120900000000000000e+04
4.170700000000000000e+04
4.115100000000000000e+04
4.260900000000000000e+04
4.091500000000000000e+04
4.364400000000000000e+04
4.236100000000000000e+04
4.203000000000000000e+04
4.212000000000000000e+04
4.117700000000000000e+04
4.053000000000000000e+04
4.032300000000000000e+04
4.018800000000000000e+04
4.189200000000000000e+04
4.453300000000000000e+04
3.965600000000000000e+04
4.131200000000000000e+04
4.160400000000000000e+04
4.057800000000000000e+04
4.157200000000000000e+04
4.068000000000000000e+04
4.390800000000000000e+04
4.203700000000000000e+04
4.021900000000000000e+04
4.159000000000000000e+04
4.320600000000000000e+04
4.135400000000000000e+04
4.280000000000000000e+04
4.120700000000000000e+04
4.251500000000000000e+04
4.010700000000000000e+04
4.138600000000000000e+04
4.107000000000000000e+04
4.242400000000000000e+04
4.244000000000000000e+04
4.168700000000000000e+04
3.957000000000000000e+04
4.078200000000000000e+04
3.960800000000000000e+04
4.642100000000000000e+04
3.970300000000000000e+04
4.107000000000000000e+04
4.109400000000000000e+04
4.073800000000000000e+04
4.202800000000000000e+04
4.074800000000000000e+04
4.069100000000000000e+04
4.360300000000000000e+04
4.048100000000000000e+04
4.313900000000000000e+04
4.192600000000000000e+04
4.062000000000000000e+04
4.236500000000000000e+04
3.924800000000000000e+04
4.001000000000000000e+04
4.170200000000000000e+04
4.160400000000000000e+04
4.040800000000000000e+04
4.003900000000000000e+04
4.094300000000000000e+04
4.168600000000000000e+04
4.060700000000000000e+04
4.120700000000000000e+04
4.036200000000000000e+04
3.819900000000000000e+04
4.247400000000000000e+04
4.171500000000000000e+04
4.079500000000000000e+04
4.279600000000000000e+04
4.080600000000000000e+04
4.183500000000000000e+04
4.063900000000000000e+04
4.183000000000000000e+04
4.155300000000000000e+04
4.096400000000000000e+04
4.094400000000000000e+04
4.227600000000000000e+04
4.056300000000000000e+04
4.151000000000000000e+04
4.143300000000000000e+04
4.250300000000000000e+04
4.035800000000000000e+04
4.037100000000000000e+04
4.181900000000000000e+04
4.131600000000000000e+04
4.012900000000000000e+04
3.999500000000000000e+04
4.013100000000000000e+04
4.333600000000000000e+04
3.981000000000000000e+04
4.093300000000000000e+04
3.943200000000000000e+04
3.930700000000000000e+04
4.207500000000000000e+04
4.168500000000000000e+04
4.125700000000000000e+04
4.119700000000000000e+04
3.860700000000000000e+04
3.899300000000000000e+04
4.183200000000000000e+04
3.899100000000000000e+04
4.108600000000000000e+04
3.922600000000000000e+04
4.085100000000000000e+04
4.113200000000000000e+04
4.057800000000000000e+04
4.112800000000000000e+04
4.047700000000000000e+04
4.067100000000000000e+04
4.127300000000000000e+04
4.431000000000000000e+04
4.098200000000000000e+04
4.168600000000000000e+04
4.000800000000000000e+04
4.205700000000000000e+04
4.237500000000000000e+04
4.230600000000000000e+04
4.173300000000000000e+04
4.045300000000000000e+04
4.275300000000000000e+04
4.038400000000000000e+04
4.146000000000000000e+04
4.150300000000000000e+04
4.209800000000000000e+04
4.139500000000000000e+04
3.894400000000000000e+04
3.869100000000000000e+04
4.382800000000000000e+04
4.057200000000000000e+04
4.077400000000000000e+04
4.145100000000000000e+04
4.708500000000000000e+04
4.025200000000000000e+04
4.414900000000000000e+04
4.047400000000000000e+04
4.002300000000000000e+04
4.110600000000000000e+04
4.398400000000000000e+04
3.996700000000000000e+04
4.049200000000000000e+04
4.283900000000000000e+04
4.068500000000000000e+04
3.936100000000000000e+04
4.182500000000000000e+04
4.121600000000000000e+04
4.143300000000000000e+04
3.962600000000000000e+04
4.070700000000000000e+04
4.138700000000000000e+04
4.072900000000000000e+04
4.096300000000000000e+04
4.171500000000000000e+04
4.057200000000000000e+04
4.199100000000000000e+04
4.128600000000000000e+04
4.193200000000000000e+04
4.479500000000000000e+04
4.039500000000000000e+04
4.102700000000000000e+04
4.097800000000000000e+04
4.197400000000000000e+04
4.086900000000000000e+04
4.130900000000000000e+04
4.239700000000000000e+04
4.137000000000000000e+04
4.116200000000000000e+04
4.100400000000000000e+04
4.105600000000000000e+04
4.090600000000000000e+04
3.967800000000000000e+04
3.942300000000000000e+04
4.375700000000000000e+04
4.053000000000000000e+04
4.105500000000000000e+04
4.108700000000000000e+04
4.110600000000000000e+04
4.118300000000000000e+04
4.103900000000000000e+04
4.074700000000000000e+04
3.977500000000000000e+04
4.133100000000000000e+04
4.476600000000000000e+04
3.888800000000000000e+04
4.146500000000000000e+04
4.206000000000000000e+04
4.170500000000000000e+04
4.067300000000000000e+04
4.125600000000000000e+04
4.029100000000000000e+04
4.049400000000000000e+04
4.174400000000000000e+04
4.217000000000000000e+04
4.171500000000000000e+04
4.039200000000000000e+04
4.287200000000000000e+04
4.084600000000000000e+04
4.163600000000000000e+04
4.271600000000000000e+04
4.029000000000000000e+04
4.393100000000000000e+04
4.089300000000000000e+04
4.266100000000000000e+04
4.091200000000000000e+04
4.033500000000000000e+04
4.137900000000000000e+04
4.315400000000000000e+04
4.047400000000000000e+04
4.466100000000000000e+04
4.003600000000000000e+04
4.120700000000000000e+04
4.056900000000000000e+04
4.278800000000000000e+04
4.039100000000000000e+04
3.996800000000000000e+04
4.020900000000000000e+04
4.312300000000000000e+04
3.976600000000000000e+04
4.288200000000000000e+04
4.095500000000000000e+04
4.055900000000000000e+04
4.198000000000000000e+04
4.237500000000000000e+04
3.971800000000000000e+04
4.209500000000000000e+04
4.117500000000000000e+04
4.331600000000000000e+04
4.017100000000000000e+04
4.140700000000000000e+04
4.254000000000000000e+04
3.979600000000000000e+04
4.205200000000000000e+04
4.124500000000000000e+04
4.254100000000000000e+04
3.955900000000000000e+04
4.141100000000000000e+04
4.160800000000000000e+04
4.231400000000000000e+04
4.096100000000000000e+04
4.087100000000000000e+04
4.078500000000000000e+04
4.140000000000000000e+04
4.849400000000000000e+04
4.064500000000000000e+04
4.017100000000000000e+04
4.284000000000000000e+04
4.116300000000000000e+04
4.091100000000000000e+04
4.114000000000000000e+04
4.094100000000000000e+04
3.987700000000000000e+04
3.928600000000000000e+04
4.410300000000000000e+04
4.456000000000000000e+04
4.229200000000000000e+04
4.172800000000000000e+04
3.986600000000000000e+04
4.134800000000000000e+04
4.015300000000000000e+04
4.110900000000000000e+04
4.170600000000000000e+04
4.273100000000000000e+04
4.262900000000000000e+04
3.999600000000000000e+04
4.178600000000000000e+04
4.244300000000000000e+04
4.023800000000000000e+04
3.976500000000000000e+04
3.978000000000000000e+04
4.123700000000000000e+04
4.143600000000000000e+04
4.080300000000000000e+04
4.143700000000000000e+04
4.282900000000000000e+04
4.035700000000000000e+04
4.120000000000000000e+04
4.218300000000000000e+04
4.381600000000000000e+04
4.030100000000000000e+04
4.105800000000000000e+04
4.165700000000000000e+04
4.147300000000000000e+04
4.129900000000000000e+04
3.978000000000000000e+04
4.124800000000000000e+04
4.131300000000000000e+04
4.110600000000000000e+04
4.099800000000000000e+04
4.227400000000000000e+04
4.085200000000000000e+04
3.968800000000000000e+04
3.968700000000000000e+04
4.111800000000000000e+04
4.062600000000000000e+04
4.070300000000000000e+04
4.035000000000000000e+04
4.090200000000000000e+04
3.942200000000000000e+04
4.475500000000000000e+04
4.022900000000000000e+04
4.049700000000000000e+04
4.267500000000000000e+04
4.242700000000000000e+04
3.956900000000000000e+04
4.029800000000000000e+04
4.096700000000000000e+04
4.114300000000000000e+04
4.144800000000000000e+04
4.032100000000000000e+04
4.209700000000000000e+04
4.100900000000000000e+04
4.313400000000000000e+04
4.191700000000000000e+04
4.212200000000000000e+04
3.990900000000000000e+04
4.187900000000000000e+04
4.115300000000000000e+04
4.400300000000000000e+04
4.200700000000000000e+04
4.135200000000000000e+04
4.298600000000000000e+04
4.126000000000000000e+04
4.148800000000000000e+04
3.981800000000000000e+04
4.261200000000000000e+04
4.178700000000000000e+04
4.183100000000000000e+04
4.151900000000000000e+04
4.089300000000000000e+04
4.183700000000000000e+04
4.023400000000000000e+04
3.953200000000000000e+04
4.138100000000000000e+04
4.039000000000000000e+04
4.091700000000000000e+04
4.109500000000000000e+04
4.378400000000000000e+04
4.213800000000000000e+04
4.204200000000000000e+04
4.161200000000000000e+04
4.256400000000000000e+04
4.418400000000000000e+04
4.280800000000000000e+04
3.842800000000000000e+04
4.166400000000000000e+04
4.217000000000000000e+04
4.247000000000000000e+04
4.162300000000000000e+04
4.236200000000000000e+04
4.181100000000000000e+04
4.220100000000000000e+04
4.207700000000000000e+04
4.106900000000000000e+04
4.307500000000000000e+04
4.179200000000000000e+04
4.087800000000000000e+04
4.035000000000000000e+04
4.263300000000000000e+04
4.321400000000000000e+04
4.075900000000000000e+04
4.289500000000000000e+04
4.310500000000000000e+04
4.421100000000000000e+04
4.039800000000000000e+04
4.166600000000000000e+04
4.346200000000000000e+04
4.500500000000000000e+04
4.124300000000000000e+04
4.202800000000000000e+04
4.163600000000000000e+04
4.273100000000000000e+04
3.982900000000000000e+04
4.387000000000000000e+04
4.254400000000000000e+04
4.375300000000000000e+04
4.369200000000000000e+04
4.394000000000000000e+04
4.152800000000000000e+04
4.141200000000000000e+04
3.955400000000000000e+04
4.317500000000000000e+04
4.403200000000000000e+04
4.609000000000000000e+04
4.477000000000000000e+04
4.117900000000000000e+04
4.509900000000000000e+04
4.319800000000000000e+04
4.387700000000000000e+04
4.056400000000000000e+04
4.448200000000000000e+04
4.500600000000000000e+04
4.618900000000000000e+04
4.354300000000000000e+04
4.514400000000000000e+04
4.440900000000000000e+04
4.425900000000000000e+04
