0.000000000000000000e+00
1.848000000000000000e+03
2.094000000000000000e+03
2.036000000000000000e+03
2.208000000000000000e+03
1.819000000000000000e+03
2.190000000000000000e+03
1.940000000000000000e+03
2.173000000000000000e+03
1.801000000000000000e+03
2.013000000000000000e+03
1.936000000000000000e+03
2.297000000000000000e+03
1.877000000000000000e+03
2.073000000000000000e+03
1.962000000000000000e+03
2.121000000000000000e+03
1.762000000000000000e+03
1.939000000000000000e+03
1.974000000000000000e+03
2.043000000000000000e+03
1.804000000000000000e+03
1.974000000000000000e+03
2.039000000000000000e+03
2.149000000000000000e+03
1.669000000000000000e+03
1.940000000000000000e+03
1.944000000000000000e+03
1.743000000000000000e+03
1.796000000000000000e+03
1.867000000000000000e+03
1.898000000000000000e+03
1.923000000000000000e+03
1.826000000000000000e+03
1.985000000000000000e+03
3.150000000000000000e+03
1.698000000000000000e+03
1.974000000000000000e+03
1.843000000000000000e+03
1.906000000000000000e+03
1.859000000000000000e+03
1.872000000000000000e+03
2.101000000000000000e+03
1.826000000000000000e+03
2.449000000000000000e+03
1.785000000000000000e+03
1.853000000000000000e+03
1.933000000000000000e+03
1.888000000000000000e+03
1.873000000000000000e+03
1.883000000000000000e+03
1.925000000000000000e+03
1.883000000000000000e+03
2.509000000000000000e+03
1.667000000000000000e+03
1.856000000000000000e+03
2.114000000000000000e+03
1.854000000000000000e+03
1.716000000000000000e+03
1.878000000000000000e+03
1.824000000000000000e+03
1.815000000000000000e+03
1.822000000000000000e+03
1.805000000000000000e+03
1.843000000000000000e+03
1.651000000000000000e+03
1.827000000000000000e+03
1.792000000000000000e+03
1.757000000000000000e+03
1.733000000000000000e+03
1.931000000000000000e+03
1.742000000000000000e+03
1.865000000000000000e+03
1.821000000000000000e+03
1.715000000000000000e+03
2.014000000000000000e+03
1.708000000000000000e+03
1.720000000000000000e+03
1.783000000000000000e+03
1.916000000000000000e+03
1.836000000000000000e+03
1.727000000000000000e+03
1.704000000000000000e+03
1.901000000000000000e+03
1.756000000000000000e+03
1.761000000000000000e+03
1.827000000000000000e+03
1.808000000000000000e+03
1.785000000000000000e+03
1.823000000000000000e+03
1.595000000000000000e+03
1.885000000000000000e+03
1.812000000000000000e+03
1.842000000000000000e+03
2.045000000000000000e+03
1.905000000000000000e+03
1.950000000000000000e+03
1.903000000000000000e+03
1.721000000000000000e+03
1.719000000000000000e+03
1.760000000000000000e+03
1.897000000000000000e+03
1.828000000000000000e+03
2.108000000000000000e+03
1.875000000000000000e+03
1.850000000000000000e+03
1.848000000000000000e+03
1.894000000000000000e+03
1.603000000000000000e+03
1.811000000000000000e+03
1.774000000000000000e+03
1.815000000000000000e+03
1.956000000000000000e+03
1.747000000000000000e+03
1.988000000000000000e+03
1.867000000000000000e+03
2.088000000000000000e+03
1.775000000000000000e+03
1.929000000000000000e+03
1.817000000000000000e+03
1.909000000000000000e+03
1.879000000000000000e+03
1.918000000000000000e+03
2.077000000000000000e+03
1.817000000000000000e+03
1.850000000000000000e+03
1.772000000000000000e+03
1.777000000000000000e+03
1.809000000000000000e+03
2.007000000000000000e+03
1.782000000000000000e+03
1.782000000000000000e+03
1.937000000000000000e+03
1.842000000000000000e+03
1.960000000000000000e+03
1.790000000000000000e+03
1.828000000000000000e+03
1.961000000000000000e+03
1.914000000000000000e+03
1.763000000000000000e+03
2.041000000000000000e+03
1.741000000000000000e+03
1.949000000000000000e+03
1.931000000000000000e+03
1.868000000000000000e+03
1.821000000000000000e+03
1.965000000000000000e+03
1.851000000000000000e+03
1.874000000000000000e+03
1.734000000000000000e+03
1.928000000000000000e+03
1.880000000000000000e+03
1.892000000000000000e+03
1.904000000000000000e+03
1.887000000000000000e+03
1.869000000000000000e+03
1.821000000000000000e+03
1.859000000000000000e+03
1.962000000000000000e+03
1.925000000000000000e+03
1.891000000000000000e+03
1.763000000000000000e+03
1.898000000000000000e+03
1.934000000000000000e+03
1.726000000000000000e+03
1.803000000000000000e+03
1.875000000000000000e+03
1.762000000000000000e+03
1.772000000000000000e+03
2.086000000000000000e+03
1.720000000000000000e+03
1.865000000000000000e+03
1.945000000000000000e+03
1.867000000000000000e+03
1.877000000000000000e+03
1.785000000000000000e+03
1.791000000000000000e+03
1.976000000000000000e+03
1.845000000000000000e+03
1.740000000000000000e+03
2.014000000000000000e+03
1.758000000000000000e+03
1.818000000000000000e+03
1.744000000000000000e+03
1.784000000000000000e+03
1.792000000000000000e+03
1.838000000000000000e+03
1.699000000000000000e+03
2.013000000000000000e+03
1.794000000000000000e+03
1.953000000000000000e+03
1.803000000000000000e+03
1.878000000000000000e+03
1.727000000000000000e+03
1.985000000000000000e+03
1.854000000000000000e+03
1.856000000000000000e+03
1.849000000000000000e+03
1.876000000000000000e+03
1.698000000000000000e+03
1.943000000000000000e+03
1.732000000000000000e+03
2.004000000000000000e+03
2.049000000000000000e+03
1.671000000000000000e+03
1.819000000000000000e+03
1.833000000000000000e+03
1.669000000000000000e+03
1.787000000000000000e+03
1.978000000000000000e+03
1.745000000000000000e+03
1.775000000000000000e+03
1.910000000000000000e+03
1.822000000000000000e+03
1.855000000000000000e+03
1.811000000000000000e+03
1.881000000000000000e+03
1.823000000000000000e+03
1.848000000000000000e+03
1.715000000000000000e+03
2.039000000000000000e+03
1.815000000000000000e+03
1.747000000000000000e+03
1.927000000000000000e+03
2.058000000000000000e+03
1.776000000000000000e+03
1.795000000000000000e+03
1.756000000000000000e+03
1.906000000000000000e+03
1.778000000000000000e+03
1.847000000000000000e+03
1.837000000000000000e+03
1.818000000000000000e+03
1.731000000000000000e+03
1.855000000000000000e+03
1.959000000000000000e+03
1.786000000000000000e+03
1.805000000000000000e+03
1.843000000000000000e+03
1.826000000000000000e+03
1.818000000000000000e+03
1.726000000000000000e+03
1.755000000000000000e+03
1.883000000000000000e+03
1.696000000000000000e+03
1.782000000000000000e+03
1.869000000000000000e+03
1.783000000000000000e+03
1.762000000000000000e+03
2.054000000000000000e+03
1.776000000000000000e+03
1.924000000000000000e+03
2.047000000000000000e+03
1.793000000000000000e+03
1.967000000000000000e+03
1.796000000000000000e+03
1.908000000000000000e+03
1.938000000000000000e+03
1.888000000000000000e+03
1.673000000000000000e+03
1.996000000000000000e+03
1.974000000000000000e+03
1.825000000000000000e+03
1.741000000000000000e+03
1.972000000000000000e+03
1.773000000000000000e+03
1.831000000000000000e+03
1.884000000000000000e+03
1.870000000000000000e+03
1.942000000000000000e+03
1.744000000000000000e+03
1.912000000000000000e+03
1.737000000000000000e+03
1.900000000000000000e+03
1.865000000000000000e+03
6.022000000000000000e+03
1.859000000000000000e+03
1.801000000000000000e+03
1.764000000000000000e+03
1.947000000000000000e+03
1.830000000000000000e+03
1.841000000000000000e+03
1.736000000000000000e+03
1.994000000000000000e+03
1.789000000000000000e+03
1.904000000000000000e+03
1.907000000000000000e+03
1.647000000000000000e+03
1.856000000000000000e+03
1.963000000000000000e+03
1.877000000000000000e+03
1.870000000000000000e+03
2.080000000000000000e+03
2.036000000000000000e+03
1.917000000000000000e+03
2.004000000000000000e+03
1.896000000000000000e+03
1.905000000000000000e+03
1.948000000000000000e+03
1.755000000000000000e+03
1.920000000000000000e+03
1.890000000000000000e+03
1.773000000000000000e+03
1.925000000000000000e+03
1.851000000000000000e+03
1.850000000000000000e+03
1.831000000000000000e+03
1.814000000000000000e+03
1.909000000000000000e+03
1.802000000000000000e+03
1.973000000000000000e+03
1.750000000000000000e+03
1.956000000000000000e+03
1.742000000000000000e+03
1.977000000000000000e+03
1.933000000000000000e+03
1.938000000000000000e+03
1.913000000000000000e+03
1.882000000000000000e+03
1.792000000000000000e+03
1.883000000000000000e+03
1.845000000000000000e+03
1.966000000000000000e+03
1.947000000000000000e+03
1.804000000000000000e+03
1.808000000000000000e+03
1.957000000000000000e+03
1.787000000000000000e+03
1.879000000000000000e+03
1.925000000000000000e+03
1.837000000000000000e+03
1.873000000000000000e+03
1.927000000000000000e+03
1.780000000000000000e+03
1.851000000000000000e+03
1.893000000000000000e+03
2.032000000000000000e+03
1.899000000000000000e+03
1.970000000000000000e+03
1.759000000000000000e+03
2.181000000000000000e+03
1.857000000000000000e+03
1.925000000000000000e+03
1.908000000000000000e+03
1.978000000000000000e+03
1.773000000000000000e+03
2.611000000000000000e+03
1.921000000000000000e+03
1.947000000000000000e+03
1.757000000000000000e+03
1.921000000000000000e+03
1.787000000000000000e+03
1.816000000000000000e+03
1.877000000000000000e+03
1.910000000000000000e+03
1.902000000000000000e+03
1.687000000000000000e+03
1.959000000000000000e+03
1.785000000000000000e+03
1.691000000000000000e+03
1.861000000000000000e+03
1.866000000000000000e+03
1.975000000000000000e+03
1.889000000000000000e+03
2.116000000000000000e+03
1.881000000000000000e+03
1.894000000000000000e+03
1.701000000000000000e+03
1.729000000000000000e+03
1.941000000000000000e+03
1.845000000000000000e+03
2.018000000000000000e+03
1.759000000000000000e+03
1.724000000000000000e+03
1.868000000000000000e+03
1.655000000000000000e+03
1.876000000000000000e+03
1.927000000000000000e+03
1.933000000000000000e+03
1.771000000000000000e+03
1.782000000000000000e+03
1.705000000000000000e+03
1.947000000000000000e+03
1.872000000000000000e+03
1.798000000000000000e+03
1.874000000000000000e+03
1.941000000000000000e+03
1.677000000000000000e+03
1.871000000000000000e+03
1.785000000000000000e+03
1.781000000000000000e+03
1.754000000000000000e+03
1.796000000000000000e+03
1.727000000000000000e+03
1.853000000000000000e+03
1.780000000000000000e+03
1.828000000000000000e+03
1.838000000000000000e+03
1.719000000000000000e+03
1.832000000000000000e+03
1.875000000000000000e+03
1.602000000000000000e+03
1.887000000000000000e+03
1.866000000000000000e+03
1.815000000000000000e+03
1.894000000000000000e+03
1.880000000000000000e+03
1.845000000000000000e+03
1.929000000000000000e+03
1.836000000000000000e+03
1.829000000000000000e+03
2.021000000000000000e+03
1.883000000000000000e+03
1.806000000000000000e+03
1.913000000000000000e+03
1.834000000000000000e+03
2.056000000000000000e+03
1.840000000000000000e+03
1.855000000000000000e+03
1.837000000000000000e+03
1.828000000000000000e+03
2.002000000000000000e+03
1.986000000000000000e+03
2.003000000000000000e+03
1.914000000000000000e+03
1.792000000000000000e+03
1.921000000000000000e+03
1.930000000000000000e+03
1.983000000000000000e+03
1.773000000000000000e+03
1.945000000000000000e+03
1.973000000000000000e+03
1.936000000000000000e+03
1.882000000000000000e+03
2.034000000000000000e+03
1.829000000000000000e+03
1.839000000000000000e+03
1.928000000000000000e+03
1.891000000000000000e+03
1.890000000000000000e+03
1.862000000000000000e+03
1.956000000000000000e+03
1.938000000000000000e+03
2.037000000000000000e+03
1.737000000000000000e+03
2.016000000000000000e+03
1.946000000000000000e+03
1.921000000000000000e+03
1.843000000000000000e+03
1.925000000000000000e+03
1.727000000000000000e+03
1.937000000000000000e+03
1.958000000000000000e+03
1.816000000000000000e+03
1.957000000000000000e+03
2.020000000000000000e+03
2.042000000000000000e+03
1.873000000000000000e+03
1.942000000000000000e+03
1.907000000000000000e+03
1.947000000000000000e+03
1.802000000000000000e+03
1.858000000000000000e+03
1.891000000000000000e+03
1.894000000000000000e+03
1.861000000000000000e+03
1.888000000000000000e+03
1.792000000000000000e+03
1.949000000000000000e+03
1.711000000000000000e+03
1.894000000000000000e+03
1.861000000000000000e+03
1.846000000000000000e+03
1.890000000000000000e+03
1.903000000000000000e+03
1.778000000000000000e+03
1.774000000000000000e+03
1.910000000000000000e+03
1.853000000000000000e+03
1.820000000000000000e+03
1.891000000000000000e+03
1.919000000000000000e+03
1.856000000000000000e+03
2.030000000000000000e+03
1.768000000000000000e+03
1.875000000000000000e+03
1.916000000000000000e+03
1.863000000000000000e+03
1.824000000000000000e+03
1.936000000000000000e+03
1.962000000000000000e+03
1.833000000000000000e+03
2.032000000000000000e+03
1.848000000000000000e+03
1.911000000000000000e+03
1.881000000000000000e+03
1.936000000000000000e+03
1.835000000000000000e+03
2.015000000000000000e+03
1.752000000000000000e+03
1.839000000000000000e+03
1.828000000000000000e+03
1.910000000000000000e+03
1.924000000000000000e+03
1.976000000000000000e+03
1.820000000000000000e+03
1.908000000000000000e+03
1.867000000000000000e+03
1.834000000000000000e+03
1.621000000000000000e+03
1.853000000000000000e+03
1.803000000000000000e+03
2.023000000000000000e+03
2.272000000000000000e+03
2.117000000000000000e+03
2.212000000000000000e+03
2.155000000000000000e+03
2.191000000000000000e+03
2.183000000000000000e+03
1.897000000000000000e+03
2.345000000000000000e+03
2.253000000000000000e+03
2.413000000000000000e+03
1.981000000000000000e+03
2.268000000000000000e+03
2.251000000000000000e+03
2.084000000000000000e+03
2.162000000000000000e+03
2.203000000000000000e+03
2.117000000000000000e+03
2.221000000000000000e+03
2.100000000000000000e+03
2.141000000000000000e+03
2.067000000000000000e+03
2.386000000000000000e+03
2.151000000000000000e+03
2.043000000000000000e+03
2.200000000000000000e+03
2.152000000000000000e+03
2.226000000000000000e+03
2.388000000000000000e+03
2.102000000000000000e+03
2.188000000000000000e+03
2.020000000000000000e+03
2.349000000000000000e+03
2.097000000000000000e+03
2.184000000000000000e+03
2.192000000000000000e+03
2.067000000000000000e+03
2.330000000000000000e+03
2.324000000000000000e+03
2.160000000000000000e+03
2.021000000000000000e+03
2.172000000000000000e+03
2.255000000000000000e+03
2.259000000000000000e+03
2.255000000000000000e+03
2.296000000000000000e+03
2.243000000000000000e+03
2.044000000000000000e+03
2.199000000000000000e+03
2.285000000000000000e+03
2.258000000000000000e+03
2.005000000000000000e+03
2.284000000000000000e+03
2.223000000000000000e+03
1.949000000000000000e+03
2.068000000000000000e+03
2.319000000000000000e+03
2.147000000000000000e+03
2.324000000000000000e+03
2.132000000000000000e+03
2.278000000000000000e+03
2.107000000000000000e+03
2.238000000000000000e+03
2.157000000000000000e+03
2.087000000000000000e+03
2.253000000000000000e+03
2.216000000000000000e+03
2.190000000000000000e+03
2.324000000000000000e+03
2.090000000000000000e+03
2.363000000000000000e+03
2.008000000000000000e+03
2.275000000000000000e+03
2.275000000000000000e+03
2.252000000000000000e+03
2.131000000000000000e+03
2.181000000000000000e+03
2.323000000000000000e+03
2.345000000000000000e+03
2.122000000000000000e+03
2.140000000000000000e+03
2.156000000000000000e+03
2.181000000000000000e+03
2.421000000000000000e+03
2.116000000000000000e+03
2.191000000000000000e+03
2.296000000000000000e+03
2.176000000000000000e+03
2.190000000000000000e+03
2.217000000000000000e+03
2.239000000000000000e+03
2.205000000000000000e+03
2.140000000000000000e+03
2.100000000000000000e+03
2.201000000000000000e+03
2.229000000000000000e+03
2.093000000000000000e+03
2.203000000000000000e+03
2.305000000000000000e+03
2.162000000000000000e+03
2.189000000000000000e+03
2.180000000000000000e+03
2.116000000000000000e+03
2.265000000000000000e+03
2.184000000000000000e+03
2.016000000000000000e+03
2.187000000000000000e+03
2.211000000000000000e+03
2.049000000000000000e+03
2.081000000000000000e+03
1.916000000000000000e+03
2.114000000000000000e+03
2.047000000000000000e+03
2.120000000000000000e+03
2.157000000000000000e+03
2.086000000000000000e+03
2.113000000000000000e+03
2.069000000000000000e+03
2.136000000000000000e+03
1.979000000000000000e+03
1.978000000000000000e+03
2.098000000000000000e+03
2.094000000000000000e+03
2.212000000000000000e+03
2.182000000000000000e+03
2.149000000000000000e+03
2.077000000000000000e+03
2.093000000000000000e+03
2.101000000000000000e+03
2.159000000000000000e+03
2.047000000000000000e+03
2.077000000000000000e+03
2.150000000000000000e+03
2.101000000000000000e+03
1.963000000000000000e+03
2.280000000000000000e+03
2.210000000000000000e+03
2.171000000000000000e+03
2.045000000000000000e+03
2.222000000000000000e+03
2.078000000000000000e+03
1.998000000000000000e+03
2.130000000000000000e+03
2.106000000000000000e+03
2.061000000000000000e+03
2.044000000000000000e+03
1.888000000000000000e+03
2.727000000000000000e+03
2.249000000000000000e+03
2.135000000000000000e+03
2.083000000000000000e+03
2.246000000000000000e+03
2.066000000000000000e+03
1.916000000000000000e+03
2.055000000000000000e+03
2.281000000000000000e+03
2.154000000000000000e+03
2.008000000000000000e+03
2.118000000000000000e+03
2.006000000000000000e+03
2.292000000000000000e+03
1.974000000000000000e+03
2.185000000000000000e+03
2.268000000000000000e+03
2.210000000000000000e+03
3.050000000000000000e+03
2.260000000000000000e+03
2.138000000000000000e+03
2.050000000000000000e+03
2.204000000000000000e+03
2.161000000000000000e+03
1.917000000000000000e+03
2.292000000000000000e+03
2.400000000000000000e+03
2.071000000000000000e+03
2.140000000000000000e+03
2.106000000000000000e+03
2.148000000000000000e+03
2.082000000000000000e+03
2.260000000000000000e+03
2.212000000000000000e+03
2.143000000000000000e+03
2.356000000000000000e+03
2.164000000000000000e+03
2.070000000000000000e+03
2.237000000000000000e+03
2.161000000000000000e+03
2.053000000000000000e+03
2.574000000000000000e+03
2.088000000000000000e+03
2.176000000000000000e+03
2.185000000000000000e+03
2.113000000000000000e+03
2.067000000000000000e+03
2.113000000000000000e+03
2.092000000000000000e+03
2.415000000000000000e+03
2.054000000000000000e+03
2.256000000000000000e+03
2.104000000000000000e+03
2.260000000000000000e+03
2.029000000000000000e+03
2.042000000000000000e+03
2.221000000000000000e+03
2.171000000000000000e+03
2.163000000000000000e+03
2.206000000000000000e+03
2.029000000000000000e+03
2.146000000000000000e+03
2.254000000000000000e+03
2.161000000000000000e+03
1.992000000000000000e+03
2.350000000000000000e+03
2.123000000000000000e+03
1.928000000000000000e+03
2.168000000000000000e+03
2.339000000000000000e+03
2.109000000000000000e+03
2.201000000000000000e+03
2.123000000000000000e+03
2.251000000000000000e+03
2.185000000000000000e+03
2.317000000000000000e+03
2.273000000000000000e+03
2.141000000000000000e+03
2.273000000000000000e+03
2.304000000000000000e+03
2.067000000000000000e+03
2.293000000000000000e+03
2.137000000000000000e+03
2.205000000000000000e+03
2.248000000000000000e+03
2.200000000000000000e+03
2.036000000000000000e+03
2.356000000000000000e+03
2.197000000000000000e+03
2.239000000000000000e+03
1.996000000000000000e+03
2.184000000000000000e+03
2.262000000000000000e+03
2.357000000000000000e+03
2.094000000000000000e+03
2.200000000000000000e+03
2.220000000000000000e+03
2.246000000000000000e+03
2.083000000000000000e+03
2.253000000000000000e+03
2.144000000000000000e+03
2.175000000000000000e+03
2.212000000000000000e+03
2.368000000000000000e+03
1.916000000000000000e+03
2.176000000000000000e+03
2.274000000000000000e+03
2.021000000000000000e+03
2.093000000000000000e+03
2.036000000000000000e+03
2.273000000000000000e+03
2.120000000000000000e+03
2.240000000000000000e+03
2.132000000000000000e+03
2.112000000000000000e+03
2.322000000000000000e+03
2.164000000000000000e+03
2.087000000000000000e+03
2.286000000000000000e+03
2.223000000000000000e+03
2.125000000000000000e+03
2.389000000000000000e+03
1.965000000000000000e+03
2.228000000000000000e+03
2.148000000000000000e+03
2.201000000000000000e+03
2.010000000000000000e+03
2.064000000000000000e+03
2.200000000000000000e+03
2.183000000000000000e+03
1.994000000000000000e+03
2.034000000000000000e+03
2.020000000000000000e+03
2.201000000000000000e+03
2.054000000000000000e+03
2.083000000000000000e+03
2.093000000000000000e+03
2.142000000000000000e+03
1.831000000000000000e+03
2.195000000000000000e+03
2.099000000000000000e+03
2.197000000000000000e+03
2.098000000000000000e+03
2.206000000000000000e+03
1.923000000000000000e+03
2.127000000000000000e+03
2.312000000000000000e+03
1.883000000000000000e+03
2.114000000000000000e+03
2.098000000000000000e+03
2.115000000000000000e+03
2.103000000000000000e+03
2.193000000000000000e+03
1.990000000000000000e+03
2.057000000000000000e+03
2.323000000000000000e+03
2.097000000000000000e+03
2.034000000000000000e+03
2.152000000000000000e+03
2.187000000000000000e+03
2.005000000000000000e+03
2.122000000000000000e+03
2.036000000000000000e+03
2.259000000000000000e+03
2.197000000000000000e+03
2.219000000000000000e+03
1.987000000000000000e+03
2.264000000000000000e+03
2.121000000000000000e+03
2.212000000000000000e+03
1.959000000000000000e+03
2.104000000000000000e+03
2.104000000000000000e+03
2.232000000000000000e+03
1.936000000000000000e+03
2.210000000000000000e+03
2.036000000000000000e+03
2.203000000000000000e+03
1.957000000000000000e+03
2.233000000000000000e+03
2.079000000000000000e+03
2.145000000000000000e+03
2.012000000000000000e+03
2.334000000000000000e+03
1.978000000000000000e+03
2.116000000000000000e+03
2.330000000000000000e+03
2.082000000000000000e+03
2.208000000000000000e+03
2.052000000000000000e+03
2.093000000000000000e+03
2.296000000000000000e+03
2.321000000000000000e+03
2.005000000000000000e+03
2.118000000000000000e+03
2.351000000000000000e+03
2.214000000000000000e+03
2.234000000000000000e+03
2.338000000000000000e+03
2.227000000000000000e+03
2.142000000000000000e+03
2.465000000000000000e+03
2.099000000000000000e+03
2.244000000000000000e+03
2.188000000000000000e+03
2.244000000000000000e+03
2.165000000000000000e+03
2.285000000000000000e+03
2.191000000000000000e+03
2.163000000000000000e+03
2.233000000000000000e+03
2.695000000000000000e+03
2.172000000000000000e+03
2.161000000000000000e+03
2.065000000000000000e+03
2.430000000000000000e+03
2.172000000000000000e+03
2.262000000000000000e+03
2.116000000000000000e+03
2.279000000000000000e+03
2.238000000000000000e+03
2.288000000000000000e+03
2.333000000000000000e+03
2.427000000000000000e+03
2.092000000000000000e+03
2.267000000000000000e+03
2.290000000000000000e+03
1.898000000000000000e+03
2.255000000000000000e+03
2.275000000000000000e+03
2.190000000000000000e+03
2.216000000000000000e+03
2.374000000000000000e+03
2.108000000000000000e+03
2.200000000000000000e+03
2.341000000000000000e+03
2.174000000000000000e+03
2.199000000000000000e+03
2.310000000000000000e+03
2.097000000000000000e+03
2.029000000000000000e+03
2.561000000000000000e+03
2.119000000000000000e+03
2.290000000000000000e+03
2.207000000000000000e+03
2.218000000000000000e+03
1.905000000000000000e+03
2.153000000000000000e+03
2.326000000000000000e+03
2.142000000000000000e+03
2.420000000000000000e+03
2.160000000000000000e+03
2.050000000000000000e+03
2.143000000000000000e+03
2.121000000000000000e+03
2.240000000000000000e+03
1.707000000000000000e+03
2.146000000000000000e+03
2.177000000000000000e+03
2.355000000000000000e+03
2.070000000000000000e+03
2.310000000000000000e+03
2.224000000000000000e+03
2.182000000000000000e+03
2.041000000000000000e+03
2.237000000000000000e+03
2.278000000000000000e+03
2.232000000000000000e+03
2.099000000000000000e+03
2.123000000000000000e+03
2.094000000000000000e+03
2.187000000000000000e+03
2.240000000000000000e+03
2.309000000000000000e+03
1.840000000000000000e+03
1.894000000000000000e+03
1.954000000000000000e+03
2.154000000000000000e+03
2.113000000000000000e+03
2.285000000000000000e+03
2.090000000000000000e+03
2.283000000000000000e+03
1.956000000000000000e+03
2.276000000000000000e+03
2.094000000000000000e+03
2.258000000000000000e+03
2.269000000000000000e+03
2.392000000000000000e+03
2.013000000000000000e+03
2.145000000000000000e+03
2.126000000000000000e+03
2.236000000000000000e+03
2.082000000000000000e+03
2.382000000000000000e+03
1.877000000000000000e+03
2.265000000000000000e+03
2.258000000000000000e+03
2.071000000000000000e+03
2.187000000000000000e+03
2.103000000000000000e+03
2.210000000000000000e+03
2.248000000000000000e+03
2.345000000000000000e+03
2.121000000000000000e+03
2.060000000000000000e+03
2.170000000000000000e+03
2.254000000000000000e+03
2.247000000000000000e+03
2.114000000000000000e+03
2.359000000000000000e+03
1.977000000000000000e+03
3.132000000000000000e+03
2.431000000000000000e+03
2.055000000000000000e+03
2.038000000000000000e+03
2.198000000000000000e+03
2.109000000000000000e+03
2.110000000000000000e+03
2.103000000000000000e+03
2.155000000000000000e+03
2.235000000000000000e+03
2.033000000000000000e+03
2.118000000000000000e+03
2.192000000000000000e+03
2.292000000000000000e+03
1.998000000000000000e+03
2.284000000000000000e+03
2.330000000000000000e+03
2.136000000000000000e+03
2.829000000000000000e+03
2.176000000000000000e+03
2.180000000000000000e+03
2.396000000000000000e+03
2.036000000000000000e+03
2.292000000000000000e+03
2.163000000000000000e+03
2.278000000000000000e+03
2.169000000000000000e+03
2.255000000000000000e+03
2.058000000000000000e+03
2.520000000000000000e+03
2.082000000000000000e+03
2.320000000000000000e+03
2.129000000000000000e+03
2.424000000000000000e+03
2.193000000000000000e+03
2.341000000000000000e+03
2.147000000000000000e+03
2.588000000000000000e+03
2.190000000000000000e+03
2.467000000000000000e+03
2.274000000000000000e+03
2.590000000000000000e+03
2.097000000000000000e+03
2.319000000000000000e+03
2.279000000000000000e+03
2.571000000000000000e+03
2.370000000000000000e+03
2.360000000000000000e+03
2.186000000000000000e+03
2.605000000000000000e+03
2.274000000000000000e+03
2.360000000000000000e+03
2.134000000000000000e+03
0.000000000000000000e+00
