1.027900000000000000e+04
2.956200000000000000e+04
2.701300000000000000e+04
2.692600000000000000e+04
9.607000000000000000e+03
8.163000000000000000e+03
9.573000000000000000e+03
2.986000000000000000e+04
9.683000000000000000e+03
8.402000000000000000e+03
8.912000000000000000e+03
8.591000000000000000e+03
9.828000000000000000e+03
8.273000000000000000e+03
9.030000000000000000e+03
8.820000000000000000e+03
9.671000000000000000e+03
8.057000000000000000e+03
8.723000000000000000e+03
9.003000000000000000e+03
9.023000000000000000e+03
8.172000000000000000e+03
8.912000000000000000e+03
9.002000000000000000e+03
9.380000000000000000e+03
7.840000000000000000e+03
8.686000000000000000e+03
8.830000000000000000e+03
8.072000000000000000e+03
8.300000000000000000e+03
8.455000000000000000e+03
8.553000000000000000e+03
8.792000000000000000e+03
8.196000000000000000e+03
9.064000000000000000e+03
1.321800000000000000e+04
7.965000000000000000e+03
8.724000000000000000e+03
8.291000000000000000e+03
8.416000000000000000e+03
8.291000000000000000e+03
8.582000000000000000e+03
9.158000000000000000e+03
8.277000000000000000e+03
1.073900000000000000e+04
8.092000000000000000e+03
8.469000000000000000e+03
8.546000000000000000e+03
8.646000000000000000e+03
8.132000000000000000e+03
8.343000000000000000e+03
8.624000000000000000e+03
8.304000000000000000e+03
1.108800000000000000e+04
7.721000000000000000e+03
8.493000000000000000e+03
9.223000000000000000e+03
8.510000000000000000e+03
7.669000000000000000e+03
8.412000000000000000e+03
8.464000000000000000e+03
8.297000000000000000e+03
8.534000000000000000e+03
7.963000000000000000e+03
8.496000000000000000e+03
7.597000000000000000e+03
8.127000000000000000e+03
8.243000000000000000e+03
8.120000000000000000e+03
7.884000000000000000e+03
8.966000000000000000e+03
8.263000000000000000e+03
8.108000000000000000e+03
8.341000000000000000e+03
7.991000000000000000e+03
9.187000000000000000e+03
7.926000000000000000e+03
7.964000000000000000e+03
7.985000000000000000e+03
8.735000000000000000e+03
8.362000000000000000e+03
7.927000000000000000e+03
7.978000000000000000e+03
8.564000000000000000e+03
8.224000000000000000e+03
8.052000000000000000e+03
8.369000000000000000e+03
8.267000000000000000e+03
7.786000000000000000e+03
8.149000000000000000e+03
7.416000000000000000e+03
8.486000000000000000e+03
8.090000000000000000e+03
8.623000000000000000e+03
9.086000000000000000e+03
8.412000000000000000e+03
8.722000000000000000e+03
8.548000000000000000e+03
8.069000000000000000e+03
7.990000000000000000e+03
8.004000000000000000e+03
8.617000000000000000e+03
8.159000000000000000e+03
9.204000000000000000e+03
8.320000000000000000e+03
8.409000000000000000e+03
8.333000000000000000e+03
8.481000000000000000e+03
7.377000000000000000e+03
8.233000000000000000e+03
8.147000000000000000e+03
8.175000000000000000e+03
8.848000000000000000e+03
7.867000000000000000e+03
8.986000000000000000e+03
8.400000000000000000e+03
9.112000000000000000e+03
8.181000000000000000e+03
8.663000000000000000e+03
8.153000000000000000e+03
8.624000000000000000e+03
8.382000000000000000e+03
8.909000000000000000e+03
9.207000000000000000e+03
7.821000000000000000e+03
8.231000000000000000e+03
8.328000000000000000e+03
8.107000000000000000e+03
8.174000000000000000e+03
8.988000000000000000e+03
7.941000000000000000e+03
8.266000000000000000e+03
8.749000000000000000e+03
8.139000000000000000e+03
8.628000000000000000e+03
8.259000000000000000e+03
8.509000000000000000e+03
8.916000000000000000e+03
8.499000000000000000e+03
7.928000000000000000e+03
9.281000000000000000e+03
7.935000000000000000e+03
8.604000000000000000e+03
8.546000000000000000e+03
8.466000000000000000e+03
8.142000000000000000e+03
8.748000000000000000e+03
8.326000000000000000e+03
8.344000000000000000e+03
8.131000000000000000e+03
8.634000000000000000e+03
8.322000000000000000e+03
8.460000000000000000e+03
8.375000000000000000e+03
8.337000000000000000e+03
8.271000000000000000e+03
8.345000000000000000e+03
8.156000000000000000e+03
8.664000000000000000e+03
8.727000000000000000e+03
8.666000000000000000e+03
8.005000000000000000e+03
8.571000000000000000e+03
8.499000000000000000e+03
7.937000000000000000e+03
8.362000000000000000e+03
8.637000000000000000e+03
7.953000000000000000e+03
8.041000000000000000e+03
9.191000000000000000e+03
8.006000000000000000e+03
8.353000000000000000e+03
8.723000000000000000e+03
8.435000000000000000e+03
8.403000000000000000e+03
8.135000000000000000e+03
8.124000000000000000e+03
8.611000000000000000e+03
8.540000000000000000e+03
7.915000000000000000e+03
8.804000000000000000e+03
8.186000000000000000e+03
8.420000000000000000e+03
8.262000000000000000e+03
8.290000000000000000e+03
8.149000000000000000e+03
8.380000000000000000e+03
8.124000000000000000e+03
8.814000000000000000e+03
8.310000000000000000e+03
8.653000000000000000e+03
8.227000000000000000e+03
8.508000000000000000e+03
8.031000000000000000e+03
8.620000000000000000e+03
8.367000000000000000e+03
8.744000000000000000e+03
8.278000000000000000e+03
8.438000000000000000e+03
7.942000000000000000e+03
8.809000000000000000e+03
7.821000000000000000e+03
8.727000000000000000e+03
8.891000000000000000e+03
7.569000000000000000e+03
8.287000000000000000e+03
8.488000000000000000e+03
7.841000000000000000e+03
8.339000000000000000e+03
8.864000000000000000e+03
7.896000000000000000e+03
7.867000000000000000e+03
8.516000000000000000e+03
8.110000000000000000e+03
8.471000000000000000e+03
8.418000000000000000e+03
8.454000000000000000e+03
8.362000000000000000e+03
8.461000000000000000e+03
7.694000000000000000e+03
9.208000000000000000e+03
8.357000000000000000e+03
7.917000000000000000e+03
8.409000000000000000e+03
9.171000000000000000e+03
7.929000000000000000e+03
8.103000000000000000e+03
8.018000000000000000e+03
8.413000000000000000e+03
8.011000000000000000e+03
8.335000000000000000e+03
8.229000000000000000e+03
8.718000000000000000e+03
7.944000000000000000e+03
8.307000000000000000e+03
8.777000000000000000e+03
8.332000000000000000e+03
8.190000000000000000e+03
8.554000000000000000e+03
8.281000000000000000e+03
8.350000000000000000e+03
7.861000000000000000e+03
7.867000000000000000e+03
8.516000000000000000e+03
7.769000000000000000e+03
8.145000000000000000e+03
8.555000000000000000e+03
8.060000000000000000e+03
8.051000000000000000e+03
9.094000000000000000e+03
8.013000000000000000e+03
8.671000000000000000e+03
9.012000000000000000e+03
8.385000000000000000e+03
8.609000000000000000e+03
8.100000000000000000e+03
8.494000000000000000e+03
8.685000000000000000e+03
8.635000000000000000e+03
7.914000000000000000e+03
8.748000000000000000e+03
8.647000000000000000e+03
8.347000000000000000e+03
7.954000000000000000e+03
8.765000000000000000e+03
8.049000000000000000e+03
8.402000000000000000e+03
8.627000000000000000e+03
8.406000000000000000e+03
8.616000000000000000e+03
8.256000000000000000e+03
8.643000000000000000e+03
8.033000000000000000e+03
8.554000000000000000e+03
8.352000000000000000e+03
2.349800000000000000e+04
8.307000000000000000e+03
8.102000000000000000e+03
8.116000000000000000e+03
8.688000000000000000e+03
8.485000000000000000e+03
8.569000000000000000e+03
8.073000000000000000e+03
8.888000000000000000e+03
7.935000000000000000e+03
8.647000000000000000e+03
8.574000000000000000e+03
7.883000000000000000e+03
8.427000000000000000e+03
8.847000000000000000e+03
8.579000000000000000e+03
8.458000000000000000e+03
8.967000000000000000e+03
9.191000000000000000e+03
8.637000000000000000e+03
8.850000000000000000e+03
8.445000000000000000e+03
8.660000000000000000e+03
8.683000000000000000e+03
8.044000000000000000e+03
8.870000000000000000e+03
8.473000000000000000e+03
8.098000000000000000e+03
8.749000000000000000e+03
8.771000000000000000e+03
8.364000000000000000e+03
8.316000000000000000e+03
8.036000000000000000e+03
8.652000000000000000e+03
8.178000000000000000e+03
8.867000000000000000e+03
8.166000000000000000e+03
8.797000000000000000e+03
8.152000000000000000e+03
8.861000000000000000e+03
8.577000000000000000e+03
8.715000000000000000e+03
8.529000000000000000e+03
8.654000000000000000e+03
8.364000000000000000e+03
8.423000000000000000e+03
8.155000000000000000e+03
8.946000000000000000e+03
8.900000000000000000e+03
8.178000000000000000e+03
8.247000000000000000e+03
9.028000000000000000e+03
7.987000000000000000e+03
8.640000000000000000e+03
8.897000000000000000e+03
8.205000000000000000e+03
8.467000000000000000e+03
8.945000000000000000e+03
8.418000000000000000e+03
8.463000000000000000e+03
8.772000000000000000e+03
8.875000000000000000e+03
8.617000000000000000e+03
8.819000000000000000e+03
8.220000000000000000e+03
9.472000000000000000e+03
8.666000000000000000e+03
8.690000000000000000e+03
8.471000000000000000e+03
8.701000000000000000e+03
7.927000000000000000e+03
1.128000000000000000e+04
8.798000000000000000e+03
8.680000000000000000e+03
8.301000000000000000e+03
8.595000000000000000e+03
8.195000000000000000e+03
8.125000000000000000e+03
8.468000000000000000e+03
8.571000000000000000e+03
8.534000000000000000e+03
8.024000000000000000e+03
8.722000000000000000e+03
8.119000000000000000e+03
8.074000000000000000e+03
8.227000000000000000e+03
8.487000000000000000e+03
8.938000000000000000e+03
8.659000000000000000e+03
1.002000000000000000e+04
8.669000000000000000e+03
8.400000000000000000e+03
8.205000000000000000e+03
8.038000000000000000e+03
8.812000000000000000e+03
8.180000000000000000e+03
9.414000000000000000e+03
8.092000000000000000e+03
7.947000000000000000e+03
8.548000000000000000e+03
7.901000000000000000e+03
8.395000000000000000e+03
8.537000000000000000e+03
8.847000000000000000e+03
8.162000000000000000e+03
8.297000000000000000e+03
7.923000000000000000e+03
8.970000000000000000e+03
8.381000000000000000e+03
8.136000000000000000e+03
8.363000000000000000e+03
8.749000000000000000e+03
7.668000000000000000e+03
8.412000000000000000e+03
8.357000000000000000e+03
8.298000000000000000e+03
8.066000000000000000e+03
8.248000000000000000e+03
7.983000000000000000e+03
8.577000000000000000e+03
7.991000000000000000e+03
8.463000000000000000e+03
8.482000000000000000e+03
7.987000000000000000e+03
8.575000000000000000e+03
8.479000000000000000e+03
7.201000000000000000e+03
8.392000000000000000e+03
8.580000000000000000e+03
8.441000000000000000e+03
8.609000000000000000e+03
8.369000000000000000e+03
8.459000000000000000e+03
8.748000000000000000e+03
8.217000000000000000e+03
8.508000000000000000e+03
9.043000000000000000e+03
8.303000000000000000e+03
8.328000000000000000e+03
8.770000000000000000e+03
8.517000000000000000e+03
9.086000000000000000e+03
8.039000000000000000e+03
8.451000000000000000e+03
8.181000000000000000e+03
8.278000000000000000e+03
8.788000000000000000e+03
8.991000000000000000e+03
8.889000000000000000e+03
8.696000000000000000e+03
8.180000000000000000e+03
8.756000000000000000e+03
8.772000000000000000e+03
8.935000000000000000e+03
8.030000000000000000e+03
8.962000000000000000e+03
8.839000000000000000e+03
8.606000000000000000e+03
8.561000000000000000e+03
9.122000000000000000e+03
8.409000000000000000e+03
8.541000000000000000e+03
8.709000000000000000e+03
8.654000000000000000e+03
8.506000000000000000e+03
8.408000000000000000e+03
8.763000000000000000e+03
9.040000000000000000e+03
9.268000000000000000e+03
7.879000000000000000e+03
8.922000000000000000e+03
8.668000000000000000e+03
8.917000000000000000e+03
8.471000000000000000e+03
8.935000000000000000e+03
8.395000000000000000e+03
8.725000000000000000e+03
8.919000000000000000e+03
8.414000000000000000e+03
8.902000000000000000e+03
8.847000000000000000e+03
9.078000000000000000e+03
8.608000000000000000e+03
8.795000000000000000e+03
8.815000000000000000e+03
9.113000000000000000e+03
8.043000000000000000e+03
8.508000000000000000e+03
8.941000000000000000e+03
8.589000000000000000e+03
8.350000000000000000e+03
8.421000000000000000e+03
8.383000000000000000e+03
8.662000000000000000e+03
7.833000000000000000e+03
8.518000000000000000e+03
8.685000000000000000e+03
8.382000000000000000e+03
8.737000000000000000e+03
8.563000000000000000e+03
7.976000000000000000e+03
8.492000000000000000e+03
8.607000000000000000e+03
8.320000000000000000e+03
8.317000000000000000e+03
8.553000000000000000e+03
8.526000000000000000e+03
8.622000000000000000e+03
9.226000000000000000e+03
7.857000000000000000e+03
8.528000000000000000e+03
8.331000000000000000e+03
8.381000000000000000e+03
8.326000000000000000e+03
8.685000000000000000e+03
8.521000000000000000e+03
8.432000000000000000e+03
9.033000000000000000e+03
8.269000000000000000e+03
8.542000000000000000e+03
8.359000000000000000e+03
8.465000000000000000e+03
8.138000000000000000e+03
8.989000000000000000e+03
7.973000000000000000e+03
8.704000000000000000e+03
8.178000000000000000e+03
8.495000000000000000e+03
8.963000000000000000e+03
8.908000000000000000e+03
7.978000000000000000e+03
8.675000000000000000e+03
8.449000000000000000e+03
8.543000000000000000e+03
7.514000000000000000e+03
8.783000000000000000e+03
8.113000000000000000e+03
9.089000000000000000e+03
1.022800000000000000e+04
9.455000000000000000e+03
1.002200000000000000e+04
9.671000000000000000e+03
9.691000000000000000e+03
9.927000000000000000e+03
8.338000000000000000e+03
1.012100000000000000e+04
1.010700000000000000e+04
1.036200000000000000e+04
8.898000000000000000e+03
1.007100000000000000e+04
9.831000000000000000e+03
9.287000000000000000e+03
9.526000000000000000e+03
9.832000000000000000e+03
9.412000000000000000e+03
9.882000000000000000e+03
9.558000000000000000e+03
9.878000000000000000e+03
9.161000000000000000e+03
1.051800000000000000e+04
9.487000000000000000e+03
9.582000000000000000e+03
9.720000000000000000e+03
9.932000000000000000e+03
9.426000000000000000e+03
1.049700000000000000e+04
9.112000000000000000e+03
9.769000000000000000e+03
9.040000000000000000e+03
1.041700000000000000e+04
9.350000000000000000e+03
9.826000000000000000e+03
9.622000000000000000e+03
9.507000000000000000e+03
1.005300000000000000e+04
1.006000000000000000e+04
9.423000000000000000e+03
9.347000000000000000e+03
9.774000000000000000e+03
9.755000000000000000e+03
9.779000000000000000e+03
9.896000000000000000e+03
1.003400000000000000e+04
9.888000000000000000e+03
9.093000000000000000e+03
9.970000000000000000e+03
9.874000000000000000e+03
1.017100000000000000e+04
9.055000000000000000e+03
1.010600000000000000e+04
9.798000000000000000e+03
8.907000000000000000e+03
9.143000000000000000e+03
9.814000000000000000e+03
9.554000000000000000e+03
1.012300000000000000e+04
9.587000000000000000e+03
9.970000000000000000e+03
9.324000000000000000e+03
1.013200000000000000e+04
9.350000000000000000e+03
9.341000000000000000e+03
9.746000000000000000e+03
9.858000000000000000e+03
9.652000000000000000e+03
1.018500000000000000e+04
9.363000000000000000e+03
1.055400000000000000e+04
9.011000000000000000e+03
9.880000000000000000e+03
9.941000000000000000e+03
9.827000000000000000e+03
9.397000000000000000e+03
9.604000000000000000e+03
1.024300000000000000e+04
1.044800000000000000e+04
9.354000000000000000e+03
9.848000000000000000e+03
9.574000000000000000e+03
9.850000000000000000e+03
1.067800000000000000e+04
9.500000000000000000e+03
9.778000000000000000e+03
1.021500000000000000e+04
9.865000000000000000e+03
9.988000000000000000e+03
1.004800000000000000e+04
1.026000000000000000e+04
1.026800000000000000e+04
9.692000000000000000e+03
9.763000000000000000e+03
1.070400000000000000e+04
1.031200000000000000e+04
9.712000000000000000e+03
1.049900000000000000e+04
1.076400000000000000e+04
1.017800000000000000e+04
1.022700000000000000e+04
1.033500000000000000e+04
1.022300000000000000e+04
1.075600000000000000e+04
1.045500000000000000e+04
9.713000000000000000e+03
1.027400000000000000e+04
1.051500000000000000e+04
9.985000000000000000e+03
9.878000000000000000e+03
9.022000000000000000e+03
9.948000000000000000e+03
9.721000000000000000e+03
1.003400000000000000e+04
1.015300000000000000e+04
9.739000000000000000e+03
9.355000000000000000e+03
9.617000000000000000e+03
9.962000000000000000e+03
9.306000000000000000e+03
9.272000000000000000e+03
9.503000000000000000e+03
9.368000000000000000e+03
9.927000000000000000e+03
9.623000000000000000e+03
9.888000000000000000e+03
9.583000000000000000e+03
9.252000000000000000e+03
9.397000000000000000e+03
9.757000000000000000e+03
9.423000000000000000e+03
9.263000000000000000e+03
9.903000000000000000e+03
9.360000000000000000e+03
8.708000000000000000e+03
9.753000000000000000e+03
9.737000000000000000e+03
9.451000000000000000e+03
9.069000000000000000e+03
9.887000000000000000e+03
9.310000000000000000e+03
9.138000000000000000e+03
9.521000000000000000e+03
9.387000000000000000e+03
9.309000000000000000e+03
9.202000000000000000e+03
8.828000000000000000e+03
1.159800000000000000e+04
1.001600000000000000e+04
9.387000000000000000e+03
9.404000000000000000e+03
9.975000000000000000e+03
9.375000000000000000e+03
8.662000000000000000e+03
9.070000000000000000e+03
9.949000000000000000e+03
9.466000000000000000e+03
9.080000000000000000e+03
9.257000000000000000e+03
9.297000000000000000e+03
1.002000000000000000e+04
8.939000000000000000e+03
9.658000000000000000e+03
9.854000000000000000e+03
1.002300000000000000e+04
1.249800000000000000e+04
9.422000000000000000e+03
9.634000000000000000e+03
9.433000000000000000e+03
9.630000000000000000e+03
9.928000000000000000e+03
8.886000000000000000e+03
1.001700000000000000e+04
1.046100000000000000e+04
8.853000000000000000e+03
9.559000000000000000e+03
9.102000000000000000e+03
9.457000000000000000e+03
9.546000000000000000e+03
1.012500000000000000e+04
9.875000000000000000e+03
9.563000000000000000e+03
1.016900000000000000e+04
9.788000000000000000e+03
9.303000000000000000e+03
1.008900000000000000e+04
9.636000000000000000e+03
9.369000000000000000e+03
1.070700000000000000e+04
9.372000000000000000e+03
9.700000000000000000e+03
9.589000000000000000e+03
9.304000000000000000e+03
9.156000000000000000e+03
9.427000000000000000e+03
9.860000000000000000e+03
1.041600000000000000e+04
9.264000000000000000e+03
1.014300000000000000e+04
9.491000000000000000e+03
9.928000000000000000e+03
9.260000000000000000e+03
9.615000000000000000e+03
9.867000000000000000e+03
9.678000000000000000e+03
9.740000000000000000e+03
9.885000000000000000e+03
9.172000000000000000e+03
9.639000000000000000e+03
9.899000000000000000e+03
9.836000000000000000e+03
9.026000000000000000e+03
1.007000000000000000e+04
9.646000000000000000e+03
8.827000000000000000e+03
9.650000000000000000e+03
1.026200000000000000e+04
9.130000000000000000e+03
1.014900000000000000e+04
9.807000000000000000e+03
9.984000000000000000e+03
9.734000000000000000e+03
1.058200000000000000e+04
1.017400000000000000e+04
9.736000000000000000e+03
1.036900000000000000e+04
1.038300000000000000e+04
9.620000000000000000e+03
1.066100000000000000e+04
1.004100000000000000e+04
1.042300000000000000e+04
1.051300000000000000e+04
1.061600000000000000e+04
1.007100000000000000e+04
1.096500000000000000e+04
1.054100000000000000e+04
1.106400000000000000e+04
1.002900000000000000e+04
1.087600000000000000e+04
1.088300000000000000e+04
1.132800000000000000e+04
1.023600000000000000e+04
1.084600000000000000e+04
1.076400000000000000e+04
1.102500000000000000e+04
1.017400000000000000e+04
1.070300000000000000e+04
1.036800000000000000e+04
1.033800000000000000e+04
1.037600000000000000e+04
1.115500000000000000e+04
9.174000000000000000e+03
1.004400000000000000e+04
1.068000000000000000e+04
9.248000000000000000e+03
9.609000000000000000e+03
9.484000000000000000e+03
1.001400000000000000e+04
9.792000000000000000e+03
1.013600000000000000e+04
9.788000000000000000e+03
9.549000000000000000e+03
1.030100000000000000e+04
9.863000000000000000e+03
9.342000000000000000e+03
1.034800000000000000e+04
9.740000000000000000e+03
9.815000000000000000e+03
1.057500000000000000e+04
8.951000000000000000e+03
9.807000000000000000e+03
9.542000000000000000e+03
9.737000000000000000e+03
9.273000000000000000e+03
9.365000000000000000e+03
9.615000000000000000e+03
9.733000000000000000e+03
9.054000000000000000e+03
9.351000000000000000e+03
9.052000000000000000e+03
9.771000000000000000e+03
9.348000000000000000e+03
9.450000000000000000e+03
9.369000000000000000e+03
9.626000000000000000e+03
8.497000000000000000e+03
9.773000000000000000e+03
9.381000000000000000e+03
9.433000000000000000e+03
9.448000000000000000e+03
9.879000000000000000e+03
8.657000000000000000e+03
9.665000000000000000e+03
1.001700000000000000e+04
8.692000000000000000e+03
9.284000000000000000e+03
9.262000000000000000e+03
9.347000000000000000e+03
9.350000000000000000e+03
9.668000000000000000e+03
8.973000000000000000e+03
9.140000000000000000e+03
1.024500000000000000e+04
9.527000000000000000e+03
9.114000000000000000e+03
9.776000000000000000e+03
9.703000000000000000e+03
8.846000000000000000e+03
9.815000000000000000e+03
9.240000000000000000e+03
9.920000000000000000e+03
9.601000000000000000e+03
9.821000000000000000e+03
8.902000000000000000e+03
1.012700000000000000e+04
9.561000000000000000e+03
9.728000000000000000e+03
8.970000000000000000e+03
9.662000000000000000e+03
9.392000000000000000e+03
9.722000000000000000e+03
8.683000000000000000e+03
9.815000000000000000e+03
9.478000000000000000e+03
9.709000000000000000e+03
8.861000000000000000e+03
9.843000000000000000e+03
9.263000000000000000e+03
9.492000000000000000e+03
9.226000000000000000e+03
1.033300000000000000e+04
8.815000000000000000e+03
9.602000000000000000e+03
1.008500000000000000e+04
9.207000000000000000e+03
9.830000000000000000e+03
9.244000000000000000e+03
9.493000000000000000e+03
1.009900000000000000e+04
1.024200000000000000e+04
9.359000000000000000e+03
9.579000000000000000e+03
1.032600000000000000e+04
9.799000000000000000e+03
9.962000000000000000e+03
1.020300000000000000e+04
1.010000000000000000e+04
9.356000000000000000e+03
1.084900000000000000e+04
9.202000000000000000e+03
1.008400000000000000e+04
9.559000000000000000e+03
9.887000000000000000e+03
9.448000000000000000e+03
1.024400000000000000e+04
9.642000000000000000e+03
9.431000000000000000e+03
9.743000000000000000e+03
1.171300000000000000e+04
9.716000000000000000e+03
9.734000000000000000e+03
9.527000000000000000e+03
1.069500000000000000e+04
9.574000000000000000e+03
1.003300000000000000e+04
9.612000000000000000e+03
1.013000000000000000e+04
9.905000000000000000e+03
1.005500000000000000e+04
1.075000000000000000e+04
1.063000000000000000e+04
9.314000000000000000e+03
9.820000000000000000e+03
9.966000000000000000e+03
8.577000000000000000e+03
1.001600000000000000e+04
9.855000000000000000e+03
9.736000000000000000e+03
9.451000000000000000e+03
1.052500000000000000e+04
9.668000000000000000e+03
9.992000000000000000e+03
1.030800000000000000e+04
9.869000000000000000e+03
9.510000000000000000e+03
1.024900000000000000e+04
9.443000000000000000e+03
9.216000000000000000e+03
1.104500000000000000e+04
9.351000000000000000e+03
9.973000000000000000e+03
9.818000000000000000e+03
9.828000000000000000e+03
8.728000000000000000e+03
9.527000000000000000e+03
1.023800000000000000e+04
9.436000000000000000e+03
1.074800000000000000e+04
9.358000000000000000e+03
9.628000000000000000e+03
9.778000000000000000e+03
9.448000000000000000e+03
1.003300000000000000e+04
7.799000000000000000e+03
9.469000000000000000e+03
9.789000000000000000e+03
1.062900000000000000e+04
9.306000000000000000e+03
1.003700000000000000e+04
9.675000000000000000e+03
9.773000000000000000e+03
9.272000000000000000e+03
1.001500000000000000e+04
1.024400000000000000e+04
9.813000000000000000e+03
9.527000000000000000e+03
9.472000000000000000e+03
9.253000000000000000e+03
9.467000000000000000e+03
9.880000000000000000e+03
1.047500000000000000e+04
8.123000000000000000e+03
8.843000000000000000e+03
9.034000000000000000e+03
9.687000000000000000e+03
9.421000000000000000e+03
1.014500000000000000e+04
9.372000000000000000e+03
1.020300000000000000e+04
8.996000000000000000e+03
1.018900000000000000e+04
9.298000000000000000e+03
9.882000000000000000e+03
9.836000000000000000e+03
1.064100000000000000e+04
9.277000000000000000e+03
9.577000000000000000e+03
9.547000000000000000e+03
9.913000000000000000e+03
9.350000000000000000e+03
1.030200000000000000e+04
8.539000000000000000e+03
9.808000000000000000e+03
1.030600000000000000e+04
9.206000000000000000e+03
9.561000000000000000e+03
9.415000000000000000e+03
9.627000000000000000e+03
9.725000000000000000e+03
1.041400000000000000e+04
9.603000000000000000e+03
9.360000000000000000e+03
9.522000000000000000e+03
1.012700000000000000e+04
9.867000000000000000e+03
9.187000000000000000e+03
9.935000000000000000e+03
8.957000000000000000e+03
1.361100000000000000e+04
1.076500000000000000e+04
9.193000000000000000e+03
9.288000000000000000e+03
9.958000000000000000e+03
9.412000000000000000e+03
9.565000000000000000e+03
9.270000000000000000e+03
9.616000000000000000e+03
9.765000000000000000e+03
9.116000000000000000e+03
9.316000000000000000e+03
9.751000000000000000e+03
9.732000000000000000e+03
8.785000000000000000e+03
9.897000000000000000e+03
1.002000000000000000e+04
9.556000000000000000e+03
1.234300000000000000e+04
9.452000000000000000e+03
9.636000000000000000e+03
1.052000000000000000e+04
9.127000000000000000e+03
9.974000000000000000e+03
9.442000000000000000e+03
9.973000000000000000e+03
9.389000000000000000e+03
9.946000000000000000e+03
9.461000000000000000e+03
1.089000000000000000e+04
9.326000000000000000e+03
1.020800000000000000e+04
9.354000000000000000e+03
1.066300000000000000e+04
9.520000000000000000e+03
1.035400000000000000e+04
9.439000000000000000e+03
1.099400000000000000e+04
9.647000000000000000e+03
1.059600000000000000e+04
1.002600000000000000e+04
1.096000000000000000e+04
9.248000000000000000e+03
1.021100000000000000e+04
9.831000000000000000e+03
1.075200000000000000e+04
1.025100000000000000e+04
1.022400000000000000e+04
9.975000000000000000e+03
1.122900000000000000e+04
1.005300000000000000e+04
1.025800000000000000e+04
9.939000000000000000e+03
1.104300000000000000e+04
